1201       item1      100.000000      18      0.000000      0.000000
1202       item2      200.000000      20      0.000000      0.000000
1203       item3      300.000000      23      0.000000      0.000000
1204       item4      80.000000      25      0.000000      0.000000
1205       item5      220.000000      22      0.000000      0.000000
1206       item6      30.000000      6      0.000000      0.000000
1207       item7      350.000000      5      0.000000      0.000000
1208       item8      340.000000      45      0.000000      0.000000
1209       item9      324.000000      50      12.500000      10.000000
1210       item10      250.000000      50      12.500000      5.000000
